334890
326030
353200
344820
338100
308170
322000
272210
317400
330590
013890
336370
336260
036420
003670
307950
192650
192080
316140
298690
267850
306200
293480
010400
293940
300720
091810
286940
298040
298050
298020
298000
088260
294870
018250
068270
284740
285130
282330
092780
272450
281820
282690
272550
055490
280360
271980
035720
271560
268280
267290
251270
267270
267260
267250
264900
145720
111110
143210
241560
207940
234080
241590
229640
204210
249420
248170
016740
026960
123890
034830
195870
070960
101530
004440
194370
152330
226320
075580
214330
089590
227840
079550
039570
002690
095570
214320
214420
085620
214390
210980
138250
145210
213500
210540
028260
112610
018260
204320
200880
192400
133820
027410
192820
185750
006880
183190
064350
180640
181710
175330
172580
155660
168490
170900
013870
037560
163560
161890
161390
161000
068400
155900
014710
153360
144620
152550
079980
145270
007070
129260
145990
039130
078520
023000
031430
140910
047810
071840
069640
138490
139480
139130
053210
019440
138040
023350
138930
020150
011210
136490
134380
134790
082740
117580
126560
058860
130660
900140
030790
081660
058850
057050
002150
128820
122900
128940
105840
033920
102460
123690
123700
060980
032830
031440
088350
120030
120110
119650
071320
115390
012160
118000
052690
114090
034730
032560
000080
082640
047400
093240
039490
111770
033660
053690
028100
071970
108670
105630
109070
107590
035420
026940
105560
104700
103590
103140
011070
017180
100220
102260
102280
032640
101140
020560
101060
100840
100250
085310
051600
093230
092440
044450
094280
033270
092200
097950
028670
097230
096760
096770
029780
096300
001780
095720
094800
090370
093370
093050
044380
044820
034590
009770
092220
092230
089470
091090
090350
090430
032350
090080
049800
035510
088790
088980
023530
086280
084870
086790
001560
079430
084010
075180
083420
084690
071950
084680
084670
042700
004890
010960
073240
079160
081000
014830
041650
023810
078930
077500
058730
034220
078000
077970
034310
019680
024110
074610
025750
007660
035250
037270
072710
071050
072130
034120
036570
071090
069730
006890
011500
069960
069460
069620
027740
036530
069260
033530
058430
068290
067830
030610
009240
034300
017370
066570
024720
064960
037710
020760
033180
063160
055550
021240
058650
051900
051910
047040
047050
042660
042670
051630
049770
034020
010040
016450
016710
003220
036460
007120
000850
036580
033780
009540
024090
006840
006650
035150
035000
033250
033240
030200
019490
030000
026890
029460
024890
017940
018670
023590
014440
011790
010600
025890
024900
015350
023960
023800
012320
025530
031820
000660
023150
005320
023450
028050
029530
015360
016800
024070
030720
025560
030210
012630
017900
025540
003160
011930
019180
018880
021820
027970
006740
000910
020120
020000
017800
016580
013580
021050
012750
015890
016590
011690
025860
018500
011300
011200
012610
017810
017390
025820
011090
007460
025620
017960
025000
010580
007980
009440
008420
016880
007310
008500
014790
010120
009190
000760
014820
010140
009680
010690
000390
009450
012030
005090
005750
005880
008560
005870
017550
011170
001430
008770
014580
013520
004080
006060
014530
002140
016090
001620
017040
011390
011810
010130
012600
004720
009200
001500
008870
008110
005820
008490
014910
003580
015860
014160
012280
019170
002210
012170
009420
011330
012800
001140
013360
013700
002760
007610
004920
009290
011420
004270
001940
009410
007280
009180
002170
017670
010640
003650
004380
002840
007860
013000
012330
015540
001390
009320
001450
005440
015760
007690
006280
009160
008600
015230
007160
014130
008040
009140
009580
014990
010420
013570
003610
015590
014680
010820
006040
008060
003680
015020
011280
002310
010660
011150
001770
018470
005850
009970
012510
003850
007630
008250
012690
006370
006980
002920
002220
002450
002460
007340
000890
001290
003010
014280
009810
008730
009270
004140
002960
003000
005810
001270
012200
004710
005190
016610
008930
005500
005490
002410
005690
001230
006340
005950
016360
002810
001750
011780
003470
002620
015260
009460
005720
006660
004490
011000
009310
010100
005070
004830
001720
001200
003460
011700
005420
000500
010950
012450
011230
004020
004770
004560
006090
003530
009470
001510
010770
007110
016380
010780
002360
003830
007810
004170
010060
000520
006490
003120
000720
002710
003060
007700
008700
010620
006360
006110
006200
006400
009150
005960
009070
003070
005180
005250
000480
004310
003920
008350
003350
001880
011760
006260
001740
002100
004870
007590
004430
002780
004090
000650
000430
001080
004700
004360
008970
002880
001260
005680
005800
002630
001550
005430
004910
004690
003080
002600
001570
003960
002070
003570
004960
004370
003720
004980
004970
002870
001630
005740
002390
001380
006120
007540
003280
001250
002990
001470
001820
001020
001520
000880
001060
000670
001340
000180
005110
004450
000040
002240
004100
002820
004840
002350
004060
004000
000020
000210
001120
002720
003240
005030
006390
000590
005390
000990
006570
000220
000860
003540
005940
006800
002700
001360
000810
003230
000370
008260
000230
000490
001800
004540
001420
002020
005930
000300
001460
003620
003410
005610
000540
010050
007570
002320
002200
005380
005360
009830
002030
006380
004990
001070
004410
003560
000680
001210
000140
000320
000270
004800
001040
000150
005010
005830
003090
002900
003780
003520
002380
005300
003200
002270
002790
006220
004150
007210
000400
001130
001680
003550
000640
003690
000970
003300
004250
003030
001440
001790
000070
002420
000240
000950
003490
001530
000100
000120
000060
000050
000700
003480